Correct predictions: 2724
Wrong predictions: 2376
Percentage of correct predictions: 53.411764705882355
30 Most Positive Words:
amp: 349.38712030999875
realdonaldtrump: 235.03234706000023
people: 177.42695414000042
will: 170.1869439799997
time: 165.60750108999977
china: 163.17971338000004
work: 156.94412470999978
now: 156.02596987000027
back: 148.52769654000002
new: 148.28190300000048
billion: 148.0209887600001
also: 146.52030515999988
thank: 144.32685895000023
like: 142.34588070000015
can: 141.9710735499999
good: 131.0570930100001
dollars: 126.12170531999999
russia: 125.7379553700002
going: 110.18695548000008
hunt: 108.33276009000001
report: 105.62378178000002
north: 100.67138609000003
witch: 98.07829719000009
small: 96.08175226
covid19: 95.25789545999992
knew: 93.08716551999999
tonight: 93.00412529000019
really: 91.94155510000026
joe: 91.89045407000006
hard: 90.40242672000028
30 Most negative Words:
america: -280.6985009600004
want: -246.3789807099998
president: -231.83059134999965
dont: -229.94404730999977
make: -166.87971728000062
democrats: -163.1804128199993
team: -159.9234997400001
daca: -150.00075922999997
just: -143.87578197999943
year: -143.00082639000004
coronavirus: -137.2071289
done: -132.57264902999984
security: -132.19919059
first: -121.27212164999983
election: -120.03038877999977
judicialwatch: -114.17817872000002
flag: -114.06011472000006
megan: -113.11418942000006
world: -111.82938787000008
forward: -110.0998419199999
erictrump: -109.92997068000005
making: -100.44759586999984
talk: -100.25337041999997
miles: -99.99951175000007
congratulations: -96.04284728
votes: -94.62853388999997
win: -90.97188777000012
house: -90.6274495099996
proud: -90.09407110999999
together: -89.67601196000004

