Correct predictions: 1842
Wrong predictions: 1712
Percentage of correct predictions: 51.828925154755204
10 Most Positive Words:
scavino45: 0.7867001800000005
tom: 0.6633998300000002
help: 0.4759001099999996
make: 0.35370032000000107
ventilators: 0.34019998
wisconsin: 0.3165001900000002
tiffany: 0.29090000000000005
fast: 0.2820997799999994
good: 0.27159980000000083
everyone: 0.25380017999999965
jobs: 0.25020046999999834
well: 0.22930020999999956
tax: 0.20780017000000067
small: 0.20370034000000012
hunt: 0.20280040000000044
month: 0.20179991999999963
care: 0.2007000399999998
medical: 0.19389999000000005
economy: 0.18860036999999985
also: 0.18760023000000037
ever: 0.18710021000000074
witch: 0.18330048000000052
attack: 0.18129995000000007
supplies: 0.1790000400000001
thought: 0.17740008000000013
russian: 0.1752001500000005
join: 0.17329995999999934
incredible: 0.1704001800000009
crime: 0.1660999099999998
hospitals: 0.16049994999999997
10 Most negative Words:
realdonaldtrump: -1.5859014800000069
will: -1.1024982899999927
news: -1.0947994599999977
great: -1.0936983200000001
must: -0.9780000899999982
like: -0.9392002799999996
us: -0.9162004199999999
amp: -0.8851006099999991
trump: -0.8789991799999977
thank: -0.8733997300000016
now: -0.8635991699999978
dbongino: -0.8527000100000012
house: -0.8335000399999994
foxnews: -0.7990002200000003
democrats: -0.7470000700000028
people: -0.7462004199999979
years: -0.7018997200000009
watch: -0.6896002200000013
just: -0.6658004699999975
said: -0.6602998199999999
never: -0.6597005400000008
get: -0.6503999100000002
one: -0.6387002100000015
american: -0.6339996400000008
white: -0.6287999599999997
new: -0.6092995499999982
border: -0.590199149999999
done: -0.5641997599999996
2020: -0.5552999000000002
coronavirus: -0.5363996800000005