Correct predictions: 1849
Wrong predictions: 1592
Percentage of correct predictions: 53.734379540831156
10 Most Positive Words:
will: 174.80781255000002
make: 94.31437497000017
media: 93.086288990001
house: 87.29609374999843
fake: 83.65189441000157
go: 79.66695309000043
news: 77.0823436900008
time: 76.88607425999905
mini: 71.07197259000036
americans: 69.97158201999979
approval: 68.8807812500003
well: 68.79730462999972
impeachment: 68.42287100999717
virus: 65.72060546999998
new: 64.39845707000057
book: 61.64765615999958
get: 61.42453115000064
seemacms: 60.58994139999996
situation: 60.25919918000027
china: 57.55601545999945
good: 57.06871087999932
deal: 57.022363089999246
tomorrow: 56.48066412000013
says: 55.73894530999979
york: 55.00433595000064
job: 54.92970699000011
administration: 54.3761328899998
great: 53.54308599000135
illegal: 52.95486329000016
record: 52.58058597000016
10 Most negative Words:
realdonaldtrump: -175.84144547
thank: -106.226835830001
amp: -102.5606834400009
texas: -94.89865231999988
security: -92.01216798999994
crime: -77.29517572000061
people: -70.29832047999915
world: -67.85873036000015
family: -66.48605464000013
wall: -64.87763676999975
president: -60.773593930000274
congratulations: -59.84908207000005
justice: -56.29082037000041
government: -55.29580075999996
flynn: -52.26455081000015
fbi: -51.956484490000676
social: -50.47554686999942
michael: -49.17675784999997
tommy: -47.56281249000007
first: -47.01240236999988
general: -45.922968829999974
judge: -45.84500000999983
supporter: -44.66601559999973
agenda: -44.53259768999961
michigan: -43.760332010000056
michelle: -43.02263672999986
fight: -42.95458981000005
debate: -42.287773460000025
everyone: -41.83832029000009
whitehouse: -41.48298834999993