Correct predictions: 1856
Wrong predictions: 1591
Percentage of correct predictions: 53.843922251232954
10 Most Positive Words:
house: 15.33227073999995
country: 14.709619199999928
impeachment: 14.232986379999922
will: 13.358708919999904
united: 12.333007919999977
get: 11.860854699999946
news: 11.156281979999866
well: 10.557988339999968
white: 8.980288199999965
americans: 8.936008509999917
love: 8.090192869999937
work: 8.056010860000017
back: 7.873584049999984
media: 7.739761019999925
new: 7.611303879999915
best: 7.418293459999976
vote: 7.3859913600000695
mike: 7.379597170000039
ever: 7.316303769999944
keeping: 6.997197289999994
mini: 6.676801720000043
hard: 6.621591829999973
fake: 6.402175409999873
bad: 6.391176809999995
deal: 6.375583519999932
home: 6.372304710000007
really: 6.310991239999985
may: 6.266398979999986
covid19: 6.150710539999988
go: 6.035295509999953
10 Most negative Words:
realdonaldtrump: -24.891466530000127
democrat: -9.872849050000019
bernie: -9.749418910000012
general: -9.464091769999978
texas: -8.432482979999955
government: -7.693422850000019
america: -7.565661380000091
fbi: -7.506481869999991
india: -7.18520261000001
congratulations: -6.831391530000026
together: -6.521879800000029
crime: -6.472695270000017
team: -6.432209420000008
sanders: -6.2994091500000025
flynn: -6.266516119999997
fight: -6.0340062899999936
american: -6.009902150000057
congress: -5.8234178400000705
businesses: -5.7934008900000045
honor: -5.653518070000015
realdonaldtrumps: -5.56710685000001
people: -5.491789480000082
michael: -5.344216280000009
officials: -5.261306110000005
means: -5.203896490000001
family: -5.203801200000046
told: -5.184907209999986
state: -5.142604910000012
small: -5.113198309999995
whitehouse: -5.014533510000046