Percentage of correct predictions: 51.938202247191015
10 Most Positive Words:
make: 0.41760015000000184
again: 0.32079966000000004
greggjarrett: 0.3078999299999999
always: 0.28980019999999984
tom: 0.22309989000000024
help: 0.2063002199999998
hit: 0.20350020000000052
close: 0.17839998999999995
small: 0.17800025000000003
vets: 0.17550038000000004
fine: 0.1752000599999997
covid19: 0.1714002000000001
supports: 0.16950001999999997
loves: 0.16320002999999958
hunt: 0.16200017000000133
fast: 0.15809993999999974
join: 0.15650002999999935
russian: 0.1555000800000002
also: 0.14880015999999976
advocate: 0.14740001000000014
stay: 0.14560018999999977
dossier: 0.1428998600000007
government: 0.1428000900000004
wisconsin: 0.13990015000000014
tiffany: 0.13930000000000003
tomtiffanywi: 0.13770000000000002
wi07: 0.13770000000000002
borders: 0.1372001099999996
met: 0.13410007999999968
attack: 0.13150004000000026
10 Most negative Words:
realdonaldtrump: -1.8362020800000034
amp: -1.8361004499999993
will: -1.441698409999994
just: -1.3402993299999975
trump: -1.2478994199999978
must: -1.2144994799999986
great: -1.1380982899999958
people: -1.0697997299999982
now: -1.044399329999998

