Crude Oil
Correct predictions: 1764
Wrong predictions: 1701
Percentage of correct predictions: 50.90909090909091
10 Most Positive Words:
that: 0.15500020000000053
no: 0.14480023000000072
was: 0.1295001300000003
russia: 0.09540006999999999
today: 0.08279986000000018
against: 0.08189989999999968
evidence: 0.07709999
greggjarrett: 0.0766
confirms: 0.0766
probe: 0.0766
10 Most negative Words:
to: -0.8518004499999997
the: -0.5456999799999993
and: -0.3471997700000002
my: -0.26079998
of: -0.24540003000000019
this: -0.21830007999999992
boy: -0.21339997999999993
you: -0.18370010000000042
look: -0.17970013000000012
forward: -0.17659998000000005

SP 500
Correct predictions: 1849
Wrong predictions: 1632
Percentage of correct predictions: 53.11692042516518
10 Most Positive Words:
a: 37.650167679999306
that: 32.13875047999978
house: 14.546301579999929
out: 14.391262489999924
to: 13.972350919999355
and: 13.365595119999686
its: 12.960769319999887
media: 11.714053009999912
the: 11.018147419998494
your: 10.842592969999878
10 Most negative Words:
realdonaldtrump: -29.968708020000097
with: -22.788546939999986
be: -22.44390067000004
whitehouse: -19.838320220000032
thank: -17.46272913000009
coronavirus: -16.198320200000005
he: -16.170417050000115
president: -15.584201020000192
people: -13.522111700000139
live: -13.052209490000005

DJI
Correct predictions: 1893
Wrong predictions: 1602
Percentage of correct predictions: 54.163090128755364
10 Most Positive Words:
a: 578.6622654199971
and: 462.49285157000355
the: 440.3109167999914
of: 336.6704878499952
to: 274.86800756999475
will: 220.15726548
that: 212.17433562999847
for: 191.43070295999988
in: 189.1333792499998
it: 178.05374968999868
10 Most negative Words:
he: -181.19041025000166
whitehouse: -155.28974603000017
i: -127.92677741999962
texas: -127.81064451999958
has: -122.88488306999855
coronavirus: -115.51423819999987
live: -114.31394523000024
been: -103.6811719400001
task: -103.08796865999996
amp: -101.813124780001

VIX
Correct predictions: 2081
Wrong predictions: 1367
Percentage of correct predictions: 60.353828306264504
10 Most Positive Words:
officials: 0.8699998800000001
google: 0.7090999400000002
cdcgov: 0.6848996599999999
social: 0.6525997000000002
watch: 0.6311
careful: 0.5649999900000001
government: 0.5428000300000001
justice: 0.5405998500000001
records: 0.5109000200000001
saracarterdc: 0.4990000100000001
10 Most negative Words:
the: -14.001410479999862
to: -9.008404329999934
and: -6.039604849999965
a: -5.332402019999975
of: -4.54670405999996
is: -4.206502690000016
that: -3.0475008600000044
for: -2.8718017000000122
our: -2.703201550000006
have: -2.6717009999999997

BTC-USD
Correct predictions: 2754
Wrong predictions: 2345
Percentage of correct predictions: 54.01059031182585
10 Most Positive Words:
the: 1481.051825490003
to: 1118.7200156599963
and: 1086.3917093299983
of: 883.8929835999982
a: 810.8841638000007
in: 694.5714931399967
will: 526.8924915499983
for: 514.4432485200002
is: 419.5774137699992
that: 330.86032217999974
10 Most negative Words:
president: -180.8197728599992
want: -169.3419397000002
dont: -156.68130985999989
our: -147.3639464500009
security: -146.47404842000003
border: -136.83489760000023
election: -134.57814216999986
day: -129.44804766
daca: -122.20830807
military: -113.45078134000003

