Correct predictions: 2080
Wrong predictions: 1377
Percentage of correct predictions: 60.16777552791438
30 Most Positive Words:
government: 0.8716999000000004
saracarterdc: 0.7745000100000003
watch: 0.7464998999999995
officials: 0.71939991
google: 0.6949999300000003
today: 0.6327997100000002
world: 0.5723001000000001
michigan: 0.5685999399999998
congratulations: 0.5508998999999997
nih: 0.5418995299999999
jentezen: 0.49720000000000014
bless: 0.4902999799999999
wont: 0.45600000999999996
cdcgov: 0.4531998300000002
god: 0.43499990999999977
criminal: 0.4164999700000001
texas: 0.4102997700000002
safety: 0.40059998000000013
loved: 0.39909997
task: 0.3963004300000003
possible: 0.37059991999999997
conjunction: 0.36389997999999996
use: 0.35159989
isis: 0.35060000000000024
judicial: 0.33280000000000004
sanders: 0.33269987999999984
team: 0.3252001099999999
together: 0.32470003
de: 0.32310003000000015
vaccine: 0.32049987
30 Most negative Words:
will: -2.612001239999999
news: -1.9507005399999997
fake: -1.6110001300000005
senatemajldr: -1.3773002199999997
just: -1.244400390000002
good: -1.0964007000000016
media: -1.0649002800000014
united: -1.028900100000001
great: -0.9953012600000036
states: -0.9709001600000009
country: -0.9588002099999993
one: -0.9455000500000009
now: -0.92330041
american: -0.8995003699999999
house: -0.8951001500000003
president: -0.8929009200000019
us: -0.8846005600000005
go: -0.8821002400000003
going: -0.86720027
total: -0.8560000399999999
businesses: -0.83690008
border: -0.8184000199999991
republicans: -0.8054001699999997
small: -0.7920001300000007
senate: -0.7836002700000003
well: -0.7778001200000005
hard: -0.7763002800000007
working: -0.717200320000001
always: -0.7162001299999992
americans: -0.7104002099999998

